id,major_id,coursemeta_id
1,1,181
2,1,217
3,1,47
4,1,98
5,1,97
6,1,139
7,1,159
8,1,148
9,1,145
10,1,146
11,1,128
12,1,127
13,1,182
14,1,76
15,1,61
16,1,114
17,1,132
18,1,84
19,1,216
20,1,180
21,1,38
22,1,36
23,1,37
24,1,39
25,1,89
26,1,88
27,1,208
28,1,172
29,1,27
30,1,26
31,1,119
32,1,122
33,1,121
34,1,120
35,1,99
36,1,100
37,1,177
38,1,179
39,1,178
40,1,94
41,1,92
42,1,93
43,1,91
44,1,140
45,1,143
46,1,136
47,1,151
48,1,150
49,1,149
50,1,158
51,1,153
52,1,155
53,1,154
54,1,152
55,1,156
56,1,142
57,1,144
58,1,141
59,1,176
60,1,10
61,1,4
62,1,3
63,1,2
64,1,1
65,2,214
66,2,22
67,2,23
68,2,196
69,2,13
70,2,67
71,2,71
72,2,66
73,2,64
74,2,69
75,2,63
76,2,62
77,2,114
78,2,84
79,2,38
80,2,39
81,2,170
82,2,30
83,2,107
84,2,172
85,2,188
86,2,202
87,2,25
88,2,21
89,2,19
90,2,206
91,2,27
92,2,26
93,2,18
94,2,16
95,2,94
96,2,92
97,2,93
98,2,91
99,2,176
100,2,131
101,2,115
102,2,8
103,2,6
104,2,4
105,2,3
106,2,2
107,2,1
108,3,47
109,3,112
110,3,138
111,3,75
112,3,74
113,3,72
114,3,73
115,3,65
116,3,114
117,3,59
118,3,58
119,3,57
120,3,60
121,3,175
122,3,174
123,3,52
124,3,50
125,3,49
126,3,82
127,3,83
128,3,81
129,3,79
130,3,80
131,3,84
132,3,180
133,3,46
134,3,38
135,3,36
136,3,37
137,3,34
138,3,41
139,3,39
140,3,89
141,3,88
142,3,209
143,3,165
144,3,161
145,3,164
146,3,163
147,3,172
148,3,28
149,3,29
150,3,27
151,3,26
152,3,198
153,3,197
154,3,96
155,3,133
156,3,207
157,3,124
158,3,125
159,3,94
160,3,92
161,3,93
162,3,91
163,3,126
164,3,111
165,3,137
166,3,157
167,3,147
168,3,176
169,3,102
170,3,12
171,3,11
172,3,10
173,3,4
174,3,3
175,3,2
176,3,1
177,4,68
178,4,51
179,4,129
180,4,48
181,4,180
182,4,36
183,4,37
184,4,169
185,4,171
186,4,89
187,4,88
188,4,215
189,4,78
190,4,192
191,4,193
192,4,190
193,4,191
194,4,123
195,4,5
196,4,9
197,4,10
198,5,219
199,5,221
200,5,47
201,5,31
202,5,201
203,5,90
204,5,210
205,5,160
206,5,235
207,5,213
208,5,114
209,5,222
210,5,130
211,5,84
212,5,180
213,5,220
214,5,38
215,5,36
216,5,37
217,5,39
218,5,33
219,5,32
220,5,184
221,5,183
222,5,187
223,5,186
224,5,185
225,5,170
226,5,89
227,5,88
228,5,240
229,5,108
230,5,77
231,5,172
232,5,95
233,5,27
234,5,26
235,5,94
236,5,92
237,5,93
238,5,91
239,5,118
240,5,176
241,5,223
242,5,239
243,5,238
244,5,237
245,5,236
246,5,228
247,5,229
248,5,233
249,5,232
250,5,231
251,5,230
252,5,234
253,5,227
254,5,226
255,5,225
256,5,224
257,5,106
258,5,105
259,5,104
260,5,103
261,5,10
262,5,4
263,5,3
264,5,2
265,5,1
266,6,116
267,6,199
268,6,40
269,6,35
270,6,47
271,6,212
272,6,110
273,6,109
274,6,210
275,6,148
276,6,13
277,6,7
278,6,117
279,6,114
280,6,56
281,6,55
282,6,54
283,6,53
284,6,84
285,6,38
286,6,45
287,6,43
288,6,44
289,6,42
290,6,39
291,6,170
292,6,86
293,6,85
294,6,200
295,6,162
296,6,211
297,6,172
298,6,173
299,6,204
300,6,20
301,6,27
302,6,26
303,6,194
304,6,195
305,6,14
306,6,87
307,6,94
308,6,92
309,6,93
310,6,91
311,6,135
312,6,176
313,6,105
314,6,104
315,6,4
316,6,3
317,6,2
318,6,1
319,7,70
320,7,180
321,7,36
322,7,37
323,7,89
324,7,88
325,7,101
326,7,189
327,7,203
328,7,205
329,7,24
330,7,134
331,7,17
332,7,15
333,7,218
334,7,123
335,7,168
336,7,166
337,7,167
338,7,113
339,7,10
